1 8 9 11 15 16 23 26 32 41 46 52 54 56 57 0 2 3 4 5 6 7 10 12 13 14 17 18 19 20 21 22 24 25 27 28 29 30 31 33 34 35 36 37 38 39 40 42 43 44 45 47 48 49 50 51 53 55 58 59 60 61 62 
9 0 22 31 39 2 4 5 29 30 32 1 3 6 7 8 10 11 12 13 14 15 16 17 18 19 20 21 23 24 25 26 27 28 33 34 35 36 37 38 40 41 42 43 44 45 46 47 48 49 50 51 52 53 54 55 56 57 58 59 60 61 62 
1 3 12 21 9 14 33 6 8 10 17 22 37 40 54 0 2 4 5 7 11 13 15 16 18 19 20 23 24 25 26 27 28 29 30 31 32 34 35 36 38 39 41 42 43 44 45 46 47 48 49 50 51 52 53 55 56 57 58 59 60 61 62 
4 6 9 10 12 18 23 24 44 45 51 0 1 2 3 5 7 8 11 13 14 15 16 17 19 20 21 22 25 26 27 28 29 30 31 32 33 34 35 36 37 38 39 40 41 42 43 46 47 48 49 50 52 53 54 55 56 57 58 59 60 61 62 
5 6 46 0 1 3 7 13 16 23 30 32 50 57 58 2 4 8 9 10 11 12 14 15 17 18 19 20 21 22 24 25 26 27 28 29 31 33 34 35 36 37 38 39 40 41 42 43 44 45 47 48 49 51 52 53 54 55 56 59 60 61 62 
6 4 3 8 15 30 56 1 10 11 33 41 49 0 2 5 7 9 12 13 14 16 17 18 19 20 21 22 23 24 25 26 27 28 29 31 32 34 35 36 37 38 39 40 42 43 44 45 46 47 48 50 51 52 53 54 55 57 58 59 60 61 62 
7 13 14 23 2 5 9 10 42 45 48 49 50 53 58 0 1 3 4 6 8 11 12 15 16 17 18 19 20 21 22 24 25 26 27 28 29 30 31 32 33 34 35 36 37 38 39 40 41 43 44 46 47 51 52 54 55 56 57 59 60 61 62 
15 6 14 40 0 5 16 17 23 25 57 1 2 3 4 7 8 9 10 11 12 13 18 19 20 21 22 24 26 27 28 29 30 31 32 33 34 35 36 37 38 39 41 42 43 44 45 46 47 48 49 50 51 52 53 54 55 56 58 59 60 61 62 
16 0 14 1 4 45 53 60 63 2 3 5 6 7 8 9 10 11 12 13 15 17 18 19 20 21 22 23 24 25 26 27 28 29 30 31 32 33 34 35 36 37 38 39 40 41 42 43 44 46 47 48 49 50 51 52 54 55 56 57 58 59 61 
0 16 31 1 3 4 8 13 30 43 47 50 60 61 2 5 6 7 9 10 11 12 14 15 17 18 19 20 21 22 23 24 25 26 27 28 29 32 33 34 35 36 37 38 39 40 41 42 44 45 46 48 49 51 52 53 54 55 56 57 58 59 62 
17 25 1 2 59 5 7 16 21 23 37 41 0 3 4 6 8 9 10 11 12 13 14 15 18 19 20 22 24 26 27 28 29 30 31 32 33 34 35 36 38 39 40 42 43 44 45 46 47 48 49 50 51 52 53 54 55 56 57 58 60 61 62 
3 42 2 41 23 46 54 0 1 4 5 6 7 8 9 10 11 12 13 14 15 16 17 18 19 20 21 22 24 25 26 27 28 29 30 31 32 33 34 35 36 37 38 39 40 43 44 45 47 48 49 50 51 52 53 55 56 57 58 59 60 61 62 
4 5 32 37 11 43 14 21 31 38 45 46 0 1 2 3 6 7 8 9 10 12 13 15 16 17 18 19 20 22 23 24 25 26 27 28 29 30 33 34 35 36 39 40 41 42 44 47 48 49 50 51 52 53 54 55 56 57 58 59 60 61 62 
12 22 4 6 0 18 46 47 51 1 2 3 5 7 8 9 10 11 13 14 15 16 17 19 20 21 23 24 25 26 27 28 29 30 31 32 33 34 35 36 37 38 39 40 41 42 43 44 45 48 49 50 52 53 54 55 56 57 58 59 60 61 62 
7 6 9 15 60 17 31 32 39 40 46 54 58 61 0 1 2 3 4 5 8 10 11 12 13 14 16 18 19 20 21 22 23 24 25 26 27 28 29 30 33 34 35 36 37 38 41 42 43 44 45 47 48 49 50 51 52 53 55 56 57 59 62 
47 5 55 0 6 14 23 31 32 39 46 51 52 1 2 3 4 7 8 9 10 11 12 13 15 16 17 18 19 20 21 22 24 25 26 27 28 29 30 33 34 35 36 37 38 40 41 42 43 44 45 48 49 50 53 54 56 57 58 59 60 61 62 
8 24 17 33 7 25 39 40 49 60 0 1 2 3 4 5 6 9 10 11 12 13 14 15 16 18 19 20 21 22 23 26 27 28 29 30 31 32 34 35 36 37 38 41 42 43 44 45 46 47 48 50 51 52 53 54 55 56 57 58 59 61 62 
10 8 50 32 0 1 2 3 5 13 16 20 29 38 40 42 51 53 55 60 4 6 7 9 11 12 14 15 17 18 19 21 22 23 24 25 26 27 28 30 31 33 34 35 36 37 39 41 43 44 45 46 47 48 49 52 54 56 57 58 59 61 62 
20 34 26 11 53 21 29 44 0 1 2 3 4 5 6 7 8 9 10 12 13 14 15 16 17 18 19 22 23 24 25 27 28 30 31 32 33 35 36 37 38 39 40 41 42 43 45 46 47 48 49 50 51 52 54 55 56 57 58 59 60 61 62 
34 29 52 18 0 1 2 3 4 5 6 7 8 9 10 11 12 13 14 15 16 17 19 20 21 22 23 24 25 26 27 28 30 31 32 33 35 36 37 38 39 40 41 42 43 44 45 46 47 48 49 50 51 53 54 55 56 57 58 59 60 61 62 
29 26 43 41 10 18 0 1 2 3 4 5 6 7 8 9 11 12 13 14 15 16 17 19 20 21 22 23 24 25 27 28 30 31 32 33 34 35 36 37 38 39 40 42 44 45 46 47 48 49 50 51 52 53 54 55 56 57 58 59 60 61 62 
13 32 37 41 3 4 8 11 19 22 25 26 38 45 46 58 59 0 1 2 5 6 7 9 10 12 14 15 16 17 18 20 21 23 24 27 28 29 30 31 33 34 35 36 39 40 42 43 44 47 48 49 50 51 52 53 54 55 56 57 60 61 62 
4 12 13 15 3 21 23 25 30 33 41 47 49 51 55 59 0 1 2 5 6 7 8 9 10 11 14 16 17 18 19 20 22 24 26 27 28 29 31 32 34 35 36 37 38 39 40 42 43 44 45 46 48 50 52 53 54 56 57 58 60 61 62 
31 15 13 47 49 1 30 33 39 53 55 60 0 2 3 4 5 6 7 8 9 10 11 12 14 16 17 18 19 20 21 22 23 24 25 26 27 28 29 32 34 35 36 37 38 40 41 42 43 44 45 46 48 50 51 52 54 56 57 58 59 61 62 
16 32 8 30 2 7 14 25 45 48 49 0 1 3 4 5 6 9 10 11 12 13 15 17 18 19 20 21 22 23 24 26 27 28 29 31 33 34 35 36 37 38 39 40 41 42 43 44 46 47 50 51 52 53 54 55 56 57 58 59 60 61 62 
24 41 1 32 3 10 12 13 14 40 54 0 2 4 5 6 7 8 9 11 15 16 17 18 19 20 21 22 23 25 26 27 28 29 30 31 33 34 35 36 37 38 39 42 43 44 45 46 47 48 49 50 51 52 53 55 56 57 58 59 60 61 62 
20 33 43 13 17 38 61 0 1 2 3 4 5 6 7 8 9 10 11 12 14 15 16 18 19 21 22 23 24 25 26 27 28 29 30 31 32 34 35 36 37 39 40 41 42 44 45 46 47 48 49 50 51 52 53 54 55 56 57 58 59 60 62 
19 0 1 2 3 4 5 6 7 8 9 10 11 12 13 14 15 16 17 18 20 21 22 23 24 25 26 27 28 29 30 31 32 33 34 35 36 37 38 39 40 41 42 43 44 45 46 47 48 49 50 51 52 53 54 55 56 57 58 59 60 61 62 
0 1 2 3 4 5 6 7 8 9 10 11 12 13 14 15 16 17 18 19 20 21 22 23 24 25 26 27 28 29 30 31 32 33 34 35 36 37 38 39 40 41 42 43 44 45 46 47 48 49 50 51 52 53 54 55 56 57 58 59 60 61 62 
34 37 22 50 8 21 26 52 53 0 1 2 3 4 5 6 7 9 10 11 12 13 14 15 16 17 18 19 20 23 24 25 27 28 29 30 31 32 33 35 36 38 39 40 41 42 43 44 45 46 47 48 49 51 54 55 56 57 58 59 60 61 62 
31 42 23 38 46 0 9 14 15 21 22 24 39 47 50 53 61 1 2 3 4 5 6 7 8 10 11 12 13 16 17 18 19 20 25 26 27 28 29 30 32 33 34 35 36 37 40 41 43 44 45 48 49 51 52 54 55 56 57 58 59 60 62 
39 4 15 63 1 7 9 22 24 47 49 59 61 0 2 3 5 6 8 10 11 12 13 14 16 17 18 19 20 21 23 25 26 27 28 29 30 31 32 33 34 35 36 37 38 40 41 42 43 44 45 46 48 50 51 52 53 54 55 56 57 58 60 
40 48 10 1 33 41 49 50 56 0 2 3 4 5 6 7 8 9 11 12 13 14 15 16 17 18 19 20 21 22 23 24 25 26 27 28 29 30 31 32 34 35 36 37 38 39 42 43 44 45 46 47 51 52 53 54 55 57 58 59 60 61 62 
32 16 40 42 12 18 2 3 25 37 46 51 58 0 1 4 5 6 7 8 9 10 11 13 14 15 17 19 20 21 22 23 24 26 27 28 29 30 31 33 34 35 36 38 39 41 43 44 45 47 48 49 50 52 53 54 55 56 57 59 60 61 62 
44 37 45 13 50 0 1 2 3 4 5 6 7 8 9 10 11 12 14 15 16 17 18 19 20 21 22 23 24 25 26 27 28 29 30 31 32 33 34 35 36 38 39 40 41 42 43 46 47 48 49 51 52 53 54 55 56 57 58 59 60 61 62 
0 1 2 3 4 5 6 7 8 9 10 11 12 13 14 15 16 17 18 19 20 21 22 23 24 25 26 27 28 29 30 31 32 33 34 35 36 37 38 39 40 41 42 43 44 45 46 47 48 49 50 51 52 53 54 55 56 57 58 59 60 61 62 
0 1 2 3 4 5 6 7 8 9 10 11 12 13 14 15 16 17 18 19 20 21 22 23 24 25 26 27 28 29 30 31 32 33 34 35 36 37 38 39 40 41 42 43 44 45 46 47 48 49 50 51 52 53 54 55 56 57 58 59 60 61 62 
25 45 2 38 29 44 1 13 26 30 42 43 0 3 4 5 6 7 8 9 10 11 12 14 15 16 17 18 19 20 21 22 23 24 27 28 31 32 33 34 35 36 37 39 40 41 46 47 48 49 50 51 52 53 54 55 56 57 58 59 60 61 62 
39 43 53 13 17 23 0 7 9 22 24 30 45 46 52 58 1 2 3 4 5 6 8 10 11 12 14 15 16 18 19 20 21 25 26 27 28 29 31 32 33 34 35 36 37 38 40 41 42 44 47 48 49 50 51 54 55 56 57 59 60 61 62 
55 31 22 47 5 12 51 52 53 58 59 0 1 2 3 4 6 7 8 9 10 11 13 14 15 16 17 18 19 20 21 23 24 25 26 27 28 29 30 32 33 34 35 36 37 38 39 40 41 42 43 44 45 46 48 49 50 54 56 57 60 61 62 
48 9 25 41 8 16 23 32 33 50 0 1 2 3 4 5 6 7 10 11 12 13 14 15 17 18 19 20 21 22 24 26 27 28 29 30 31 34 35 36 37 38 39 40 42 43 44 45 46 47 49 51 52 53 54 55 56 57 58 59 60 61 62 
52 4 21 48 13 16 20 22 29 33 38 42 54 55 0 1 2 3 5 6 7 8 9 10 11 12 14 15 17 18 19 23 24 25 26 27 28 30 31 32 34 35 36 37 39 40 41 43 44 45 46 47 49 50 51 53 56 57 58 59 60 61 62 
44 43 26 11 41 8 25 47 51 0 1 2 3 4 5 6 7 9 10 12 13 14 15 16 17 18 19 20 21 22 23 24 27 28 29 30 31 32 33 34 35 36 37 38 39 40 42 45 46 48 49 50 52 53 54 55 56 57 58 59 60 61 62 
18 30 20 26 44 50 0 1 2 3 4 5 6 7 8 9 10 11 12 13 14 15 16 17 19 21 22 23 24 25 27 28 29 31 32 33 34 35 36 37 38 39 40 41 42 43 45 46 47 48 49 51 52 53 54 55 56 57 58 59 60 61 62 
11 29 21 10 34 45 0 1 2 3 4 5 6 7 8 9 12 13 14 15 16 17 18 19 20 22 23 24 25 26 27 28 30 31 32 33 35 36 37 38 39 40 41 42 43 44 46 47 48 49 50 51 52 53 54 55 56 57 58 59 60 61 62 
43 29 38 20 26 10 37 56 58 0 1 2 3 4 5 6 7 8 9 11 12 13 14 15 16 17 18 19 21 22 23 24 25 27 28 30 31 32 33 34 35 36 39 40 41 42 44 45 46 47 48 49 50 51 52 53 54 55 57 59 60 61 62 
8 55 54 59 33 13 20 22 26 34 47 53 56 60 62 0 1 2 3 4 5 6 7 9 10 11 12 14 15 16 17 18 19 21 23 24 25 27 28 29 30 31 32 35 36 37 38 39 40 41 42 43 44 45 46 48 49 50 51 52 57 58 61 
55 39 54 61 10 13 14 15 23 43 48 49 51 53 60 0 1 2 3 4 5 6 7 8 9 11 12 16 17 18 19 20 21 22 24 25 26 27 28 29 30 31 32 33 34 35 36 37 38 40 41 42 44 45 46 47 50 52 56 57 58 59 62 
10 49 55 58 1 3 9 16 21 29 39 40 46 56 57 0 2 4 5 6 7 8 11 12 13 14 15 17 18 19 20 22 23 24 25 26 27 28 30 31 32 33 34 35 36 37 38 41 42 43 44 45 47 48 50 51 52 53 54 59 60 61 62 
56 6 46 9 22 23 24 30 39 48 52 53 54 55 0 1 2 3 4 5 7 8 10 11 12 13 14 15 16 17 18 19 20 21 25 26 27 28 29 31 32 33 34 35 36 37 38 40 41 42 43 44 45 47 49 50 51 57 58 59 60 61 62 
57 58 51 59 5 10 11 13 14 23 24 25 39 45 48 52 53 60 0 1 2 3 4 6 7 8 9 12 15 16 17 18 19 20 21 22 26 27 28 29 30 31 32 33 34 35 36 37 38 40 41 42 43 44 46 47 49 50 54 55 56 61 62 
59 41 58 30 49 53 3 10 16 20 21 22 33 38 42 60 0 1 2 4 5 6 7 8 9 11 12 13 14 15 17 18 19 23 24 25 26 27 28 29 31 32 34 35 36 37 39 40 43 44 45 46 47 48 50 51 52 54 55 56 57 61 62 
53 60 61 3 40 51 0 24 31 32 37 46 47 56 59 1 2 4 5 6 7 8 9 10 11 12 13 14 15 16 17 18 19 20 21 22 23 25 26 27 28 29 30 33 34 35 36 38 39 41 42 43 44 45 48 49 50 52 54 55 57 58 62 
10 13 61 1 7 14 16 25 38 45 48 54 60 62 0 2 3 4 5 6 8 9 11 12 15 17 18 19 20 21 22 23 24 26 27 28 29 30 31 32 33 34 35 36 37 39 40 41 42 43 44 46 47 49 50 51 52 53 55 56 57 58 59 
57 14 55 56 62 1 7 12 15 30 47 51 53 61 0 2 3 4 5 6 8 9 10 11 13 16 17 18 19 20 21 22 23 24 25 26 27 28 29 31 32 33 34 35 36 37 38 39 40 41 42 43 44 45 46 48 49 50 52 54 58 59 60 
56 14 39 57 24 40 41 45 47 60 0 1 2 3 4 5 6 7 8 9 10 11 12 13 15 16 17 18 19 20 21 22 23 25 26 27 28 29 30 31 32 33 34 35 36 37 38 42 43 44 46 48 49 50 51 52 53 54 55 58 59 61 62 
40 57 49 55 63 1 5 11 46 48 51 54 0 2 3 4 6 7 8 9 10 12 13 14 15 16 17 18 19 20 21 22 23 24 25 26 27 28 29 30 31 32 33 34 35 36 37 38 39 41 42 43 44 45 47 50 52 53 56 58 59 60 61 
3 49 56 59 5 7 9 38 51 58 60 0 1 2 4 6 8 10 11 12 13 14 15 16 17 18 19 20 21 22 23 24 25 26 27 28 29 30 31 32 33 34 35 36 37 39 40 41 42 43 44 45 46 47 48 50 52 53 54 55 57 61 62 
57 63 0 62 2 6 9 12 32 46 50 53 59 1 3 4 5 7 8 10 11 13 14 15 16 17 18 19 20 21 22 23 24 25 26 27 28 29 30 31 33 34 35 36 37 38 39 40 41 42 43 44 45 47 48 49 51 52 54 55 56 58 60 
60 54 52 61 26 39 40 57 58 62 63 0 1 2 3 4 5 6 7 8 9 10 11 12 13 14 15 16 17 18 19 20 21 22 23 24 25 27 28 29 30 31 32 33 34 35 36 37 38 41 42 43 44 45 46 47 48 49 50 51 53 55 56 
59 38 58 31 50 51 53 54 63 0 1 2 3 4 5 6 7 8 9 10 11 12 13 14 15 16 17 18 19 20 21 22 23 24 25 26 27 28 29 30 32 33 34 35 36 37 39 40 41 42 43 44 45 46 47 48 49 52 55 56 57 60 61 
62 60 7 23 8 15 17 20 31 45 52 53 63 0 1 2 3 4 5 6 9 10 11 12 13 14 16 18 19 21 22 24 25 26 27 28 29 30 32 33 34 35 36 37 38 39 40 41 42 43 44 46 47 48 49 50 51 54 55 56 57 58 59 
63 56 61 0 1 2 13 14 17 29 41 52 55 58 60 3 4 5 6 7 8 9 10 11 12 15 16 18 19 20 21 22 23 24 25 26 27 28 30 31 32 33 34 35 36 37 38 39 40 42 43 44 45 46 47 48 49 50 51 53 54 57 59 
62 3 15 22 54 61 0 24 38 47 53 1 2 4 5 6 7 8 9 10 11 12 13 14 16 17 18 19 20 21 23 25 26 27 28 29 30 31 32 33 34 35 36 37 39 40 41 42 43 44 45 46 48 49 50 51 52 55 56 57 58 59 60 
