1 8 9 16 23 26 41 52 57 0 2 3 4 5 6 7 10 11 12 13 14 15 17 18 19 20 21 22 24 25 27 28 29 30 31 32 33 34 35 36 37 38 39 40 42 43 44 45 46 47 48 49 50 51 53 54 55 56 58 59 60 61 62 
0 4 5 9 29 30 1 2 3 6 7 8 10 11 12 13 14 15 16 17 18 19 20 21 22 23 24 25 26 27 28 31 32 33 34 35 36 37 38 39 40 41 42 43 44 45 46 47 48 49 50 51 52 53 54 55 56 57 58 59 60 61 62 
1 3 8 9 10 12 17 21 22 33 37 0 2 4 5 6 7 11 13 14 15 16 18 19 20 23 24 25 26 27 28 29 30 31 32 34 35 36 38 39 40 41 42 43 44 45 46 47 48 49 50 51 52 53 54 55 56 57 58 59 60 61 62 
6 9 12 18 24 44 45 51 0 1 2 3 4 5 7 8 10 11 13 14 15 16 17 19 20 21 22 23 25 26 27 28 29 30 31 32 33 34 35 36 37 38 39 40 41 42 43 46 47 48 49 50 52 53 54 55 56 57 58 59 60 61 62 
5 46 0 1 3 6 7 30 32 57 58 2 4 8 9 10 11 12 13 14 15 16 17 18 19 20 21 22 23 24 25 26 27 28 29 31 33 34 35 36 37 38 39 40 41 42 43 44 45 47 48 49 50 51 52 53 54 55 56 59 60 61 62 
6 8 4 11 15 30 33 41 49 0 1 2 3 5 7 9 10 12 13 14 16 17 18 19 20 21 22 23 24 25 26 27 28 29 31 32 34 35 36 37 38 39 40 42 43 44 45 46 47 48 50 51 52 53 54 55 56 57 58 59 60 61 62 
7 13 9 10 14 45 50 0 1 2 3 4 5 6 8 11 12 15 16 17 18 19 20 21 22 23 24 25 26 27 28 29 30 31 32 33 34 35 36 37 38 39 40 41 42 43 44 46 47 48 49 51 52 53 54 55 56 57 58 59 60 61 62 
15 5 14 17 23 25 57 0 1 2 3 4 6 7 8 9 10 11 12 13 16 18 19 20 21 22 24 26 27 28 29 30 31 32 33 34 35 36 37 38 39 40 41 42 43 44 45 46 47 48 49 50 51 52 53 54 55 56 58 59 60 61 62 
16 0 4 14 45 60 63 1 2 3 5 6 7 8 9 10 11 12 13 15 17 18 19 20 21 22 23 24 25 26 27 28 29 30 31 32 33 34 35 36 37 38 39 40 41 42 43 44 46 47 48 49 50 51 52 53 54 55 56 57 58 59 61 
0 3 13 16 43 47 1 2 4 5 6 7 8 9 10 11 12 14 15 17 18 19 20 21 22 23 24 25 26 27 28 29 30 31 32 33 34 35 36 37 38 39 40 41 42 44 45 46 48 49 50 51 52 53 54 55 56 57 58 59 60 61 62 
25 1 7 17 21 37 41 59 0 2 3 4 5 6 8 9 10 11 12 13 14 15 16 18 19 20 22 23 24 26 27 28 29 30 31 32 33 34 35 36 38 39 40 42 43 44 45 46 47 48 49 50 51 52 53 54 55 56 57 58 60 61 62 
42 2 23 41 54 0 1 3 4 5 6 7 8 9 10 11 12 13 14 15 16 17 18 19 20 21 22 24 25 26 27 28 29 30 31 32 33 34 35 36 37 38 39 40 43 44 45 46 47 48 49 50 51 52 53 55 56 57 58 59 60 61 62 
5 43 11 31 32 37 38 45 46 0 1 2 3 4 6 7 8 9 10 12 13 14 15 16 17 18 19 20 21 22 23 24 25 26 27 28 29 30 33 34 35 36 39 40 41 42 44 47 48 49 50 51 52 53 54 55 56 57 58 59 60 61 62 
12 4 6 18 22 46 47 51 0 1 2 3 5 7 8 9 10 11 13 14 15 16 17 19 20 21 23 24 25 26 27 28 29 30 31 32 33 34 35 36 37 38 39 40 41 42 43 44 45 48 49 50 52 53 54 55 56 57 58 59 60 61 62 
7 9 6 15 31 32 39 40 46 58 60 61 0 1 2 3 4 5 8 10 11 12 13 14 16 17 18 19 20 21 22 23 24 25 26 27 28 29 30 33 34 35 36 37 38 41 42 43 44 45 47 48 49 50 51 52 53 54 55 56 57 59 62 
0 6 31 32 46 47 51 52 55 1 2 3 4 5 7 8 9 10 11 12 13 14 15 16 17 18 19 20 21 22 23 24 25 26 27 28 29 30 33 34 35 36 37 38 39 40 41 42 43 44 45 48 49 50 53 54 56 57 58 59 60 61 62 
24 17 7 8 25 40 0 1 2 3 4 5 6 9 10 11 12 13 14 15 16 18 19 20 21 22 23 26 27 28 29 30 31 32 33 34 35 36 37 38 39 41 42 43 44 45 46 47 48 49 50 51 52 53 54 55 56 57 58 59 60 61 62 
8 1 2 3 5 10 16 29 32 38 40 42 60 0 4 6 7 9 11 12 13 14 15 17 18 19 20 21 22 23 24 25 26 27 28 30 31 33 34 35 36 37 39 41 43 44 45 46 47 48 49 50 51 52 53 54 55 56 57 58 59 61 62 
20 26 11 21 29 0 1 2 3 4 5 6 7 8 9 10 12 13 14 15 16 17 18 19 22 23 24 25 27 28 30 31 32 33 34 35 36 37 38 39 40 41 42 43 44 45 46 47 48 49 50 51 52 53 54 55 56 57 58 59 60 61 62 
34 18 0 1 2 3 4 5 6 7 8 9 10 11 12 13 14 15 16 17 19 20 21 22 23 24 25 26 27 28 29 30 31 32 33 35 36 37 38 39 40 41 42 43 44 45 46 47 48 49 50 51 52 53 54 55 56 57 58 59 60 61 62 
26 29 43 10 18 0 1 2 3 4 5 6 7 8 9 11 12 13 14 15 16 17 19 20 21 22 23 24 25 27 28 30 31 32 33 34 35 36 37 38 39 40 41 42 44 45 46 47 48 49 50 51 52 53 54 55 56 57 58 59 60 61 62 
3 4 8 11 13 22 26 37 38 41 45 46 58 0 1 2 5 6 7 9 10 12 14 15 16 17 18 19 20 21 23 24 25 27 28 29 30 31 32 33 34 35 36 39 40 42 43 44 47 48 49 50 51 52 53 54 55 56 57 59 60 61 62 
3 4 12 15 23 30 33 49 51 0 1 2 5 6 7 8 9 10 11 13 14 16 17 18 19 20 21 22 24 25 26 27 28 29 31 32 34 35 36 37 38 39 40 41 42 43 44 45 46 47 48 50 52 53 54 55 56 57 58 59 60 61 62 
31 15 1 33 39 47 53 55 0 2 3 4 5 6 7 8 9 10 11 12 13 14 16 17 18 19 20 21 22 23 24 25 26 27 28 29 30 32 34 35 36 37 38 40 41 42 43 44 45 46 48 49 50 51 52 54 56 57 58 59 60 61 62 
16 32 2 7 8 25 48 49 0 1 3 4 5 6 9 10 11 12 13 14 15 17 18 19 20 21 22 23 24 26 27 28 29 30 31 33 34 35 36 37 38 39 40 41 42 43 44 45 46 47 50 51 52 53 54 55 56 57 58 59 60 61 62 
41 24 32 1 10 12 14 54 0 2 3 4 5 6 7 8 9 11 13 15 16 17 18 19 20 21 22 23 25 26 27 28 29 30 31 33 34 35 36 37 38 39 40 42 43 44 45 46 47 48 49 50 51 52 53 55 56 57 58 59 60 61 62 
33 13 17 20 61 0 1 2 3 4 5 6 7 8 9 10 11 12 14 15 16 18 19 21 22 23 24 25 26 27 28 29 30 31 32 34 35 36 37 38 39 40 41 42 43 44 45 46 47 48 49 50 51 52 53 54 55 56 57 58 59 60 62 
19 0 1 2 3 4 5 6 7 8 9 10 11 12 13 14 15 16 17 18 20 21 22 23 24 25 26 27 28 29 30 31 32 33 34 35 36 37 38 39 40 41 42 43 44 45 46 47 48 49 50 51 52 53 54 55 56 57 58 59 60 61 62 
0 1 2 3 4 5 6 7 8 9 10 11 12 13 14 15 16 17 18 19 20 21 22 23 24 25 26 27 28 29 30 31 32 33 34 35 36 37 38 39 40 41 42 43 44 45 46 47 48 49 50 51 52 53 54 55 56 57 58 59 60 61 62 
22 50 21 26 34 37 53 0 1 2 3 4 5 6 7 8 9 10 11 12 13 14 15 16 17 18 19 20 23 24 25 27 28 29 30 31 32 33 35 36 38 39 40 41 42 43 44 45 46 47 48 49 51 52 54 55 56 57 58 59 60 61 62 
46 9 14 21 22 23 38 39 42 50 61 0 1 2 3 4 5 6 7 8 10 11 12 13 15 16 17 18 19 20 24 25 26 27 28 29 30 31 32 33 34 35 36 37 40 41 43 44 45 47 48 49 51 52 53 54 55 56 57 58 59 60 62 
15 39 4 24 47 49 63 0 1 2 3 5 6 7 8 9 10 11 12 13 14 16 17 18 19 20 21 22 23 25 26 27 28 29 30 31 32 33 34 35 36 37 38 40 41 42 43 44 45 46 48 50 51 52 53 54 55 56 57 58 59 60 61 
10 40 1 33 48 0 2 3 4 5 6 7 8 9 11 12 13 14 15 16 17 18 19 20 21 22 23 24 25 26 27 28 29 30 31 32 34 35 36 37 38 39 41 42 43 44 45 46 47 49 50 51 52 53 54 55 56 57 58 59 60 61 62 
32 12 18 3 25 37 40 42 0 1 2 4 5 6 7 8 9 10 11 13 14 15 16 17 19 20 21 22 23 24 26 27 28 29 30 31 33 34 35 36 38 39 41 43 44 45 46 47 48 49 50 51 52 53 54 55 56 57 58 59 60 61 62 
44 45 13 0 1 2 3 4 5 6 7 8 9 10 11 12 14 15 16 17 18 19 20 21 22 23 24 25 26 27 28 29 30 31 32 33 34 35 36 37 38 39 40 41 42 43 46 47 48 49 50 51 52 53 54 55 56 57 58 59 60 61 62 
0 1 2 3 4 5 6 7 8 9 10 11 12 13 14 15 16 17 18 19 20 21 22 23 24 25 26 27 28 29 30 31 32 33 34 35 36 37 38 39 40 41 42 43 44 45 46 47 48 49 50 51 52 53 54 55 56 57 58 59 60 61 62 
0 1 2 3 4 5 6 7 8 9 10 11 12 13 14 15 16 17 18 19 20 21 22 23 24 25 26 27 28 29 30 31 32 33 34 35 36 37 38 39 40 41 42 43 44 45 46 47 48 49 50 51 52 53 54 55 56 57 58 59 60 61 62 
2 29 44 45 1 13 26 30 38 0 3 4 5 6 7 8 9 10 11 12 14 15 16 17 18 19 20 21 22 23 24 25 27 28 31 32 33 34 35 36 37 39 40 41 42 43 46 47 48 49 50 51 52 53 54 55 56 57 58 59 60 61 62 
39 7 9 23 24 30 43 45 46 58 0 1 2 3 4 5 6 8 10 11 12 13 14 15 16 17 18 19 20 21 22 25 26 27 28 29 31 32 33 34 35 36 37 38 40 41 42 44 47 48 49 50 51 52 53 54 55 56 57 59 60 61 62 
31 22 47 5 12 55 58 59 0 1 2 3 4 6 7 8 9 10 11 13 14 15 16 17 18 19 20 21 23 24 25 26 27 28 29 30 32 33 34 35 36 37 38 39 40 41 42 43 44 45 46 48 49 50 51 52 53 54 56 57 60 61 62 
48 9 8 16 32 0 1 2 3 4 5 6 7 10 11 12 13 14 15 17 18 19 20 21 22 23 24 25 26 27 28 29 30 31 33 34 35 36 37 38 39 40 41 42 43 44 45 46 47 49 50 51 52 53 54 55 56 57 58 59 60 61 62 
48 52 4 16 20 21 29 38 54 0 1 2 3 5 6 7 8 9 10 11 12 13 14 15 17 18 19 22 23 24 25 26 27 28 30 31 32 33 34 35 36 37 39 40 41 42 43 44 45 46 47 49 50 51 53 55 56 57 58 59 60 61 62 
43 8 11 25 26 47 51 0 1 2 3 4 5 6 7 9 10 12 13 14 15 16 17 18 19 20 21 22 23 24 27 28 29 30 31 32 33 34 35 36 37 38 39 40 41 42 44 45 46 48 49 50 52 53 54 55 56 57 58 59 60 61 62 
18 20 30 44 50 0 1 2 3 4 5 6 7 8 9 10 11 12 13 14 15 16 17 19 21 22 23 24 25 26 27 28 29 31 32 33 34 35 36 37 38 39 40 41 42 43 45 46 47 48 49 51 52 53 54 55 56 57 58 59 60 61 62 
11 10 21 29 45 0 1 2 3 4 5 6 7 8 9 12 13 14 15 16 17 18 19 20 22 23 24 25 26 27 28 30 31 32 33 34 35 36 37 38 39 40 41 42 43 44 46 47 48 49 50 51 52 53 54 55 56 57 58 59 60 61 62 
20 10 38 56 58 0 1 2 3 4 5 6 7 8 9 11 12 13 14 15 16 17 18 19 21 22 23 24 25 26 27 28 29 30 31 32 33 34 35 36 37 39 40 41 42 43 44 45 46 47 48 49 50 51 52 53 54 55 57 59 60 61 62 
54 55 13 22 26 34 53 56 0 1 2 3 4 5 6 7 8 9 10 11 12 14 15 16 17 18 19 20 21 23 24 25 27 28 29 30 31 32 33 35 36 37 38 39 40 41 42 43 44 45 46 47 48 49 50 51 52 57 58 59 60 61 62 
13 14 39 43 48 49 51 53 54 60 61 0 1 2 3 4 5 6 7 8 9 10 11 12 15 16 17 18 19 20 21 22 23 24 25 26 27 28 29 30 31 32 33 34 35 36 37 38 40 41 42 44 45 46 47 50 52 55 56 57 58 59 62 
49 9 21 29 40 46 55 58 0 1 2 3 4 5 6 7 8 10 11 12 13 14 15 16 17 18 19 20 22 23 24 25 26 27 28 30 31 32 33 34 35 36 37 38 39 41 42 43 44 45 47 48 50 51 52 53 54 56 57 59 60 61 62 
6 56 9 22 23 30 48 53 54 55 0 1 2 3 4 5 7 8 10 11 12 13 14 15 16 17 18 19 20 21 24 25 26 27 28 29 31 32 33 34 35 36 37 38 39 40 41 42 43 44 45 46 47 49 50 51 52 57 58 59 60 61 62 
57 5 10 11 13 23 24 25 45 48 51 52 58 0 1 2 3 4 6 7 8 9 12 14 15 16 17 18 19 20 21 22 26 27 28 29 30 31 32 33 34 35 36 37 38 39 40 41 42 43 44 46 47 49 50 53 54 55 56 59 60 61 62 
53 3 20 22 30 38 41 42 49 0 1 2 4 5 6 7 8 9 10 11 12 13 14 15 16 17 18 19 21 23 24 25 26 27 28 29 31 32 33 34 35 36 37 39 40 43 44 45 46 47 48 50 51 52 54 55 56 57 58 59 60 61 62 
40 51 53 0 3 24 37 56 59 60 1 2 4 5 6 7 8 9 10 11 12 13 14 15 16 17 18 19 20 21 22 23 25 26 27 28 29 30 31 32 33 34 35 36 38 39 41 42 43 44 45 46 47 48 49 50 52 54 55 57 58 61 62 
61 1 13 16 38 45 54 60 0 2 3 4 5 6 7 8 9 10 11 12 14 15 17 18 19 20 21 22 23 24 25 26 27 28 29 30 31 32 33 34 35 36 37 39 40 41 42 43 44 46 47 48 49 50 51 52 53 55 56 57 58 59 62 
55 57 7 14 15 47 56 62 0 1 2 3 4 5 6 8 9 10 11 12 13 16 17 18 19 20 21 22 23 24 25 26 27 28 29 30 31 32 33 34 35 36 37 38 39 40 41 42 43 44 45 46 48 49 50 51 52 53 54 58 59 60 61 
56 57 14 39 40 45 47 60 0 1 2 3 4 5 6 7 8 9 10 11 12 13 15 16 17 18 19 20 21 22 23 24 25 26 27 28 29 30 31 32 33 34 35 36 37 38 41 42 43 44 46 48 49 50 51 52 53 54 55 58 59 61 62 
55 57 63 5 40 49 51 54 0 1 2 3 4 6 7 8 9 10 11 12 13 14 15 16 17 18 19 20 21 22 23 24 25 26 27 28 29 30 31 32 33 34 35 36 37 38 39 41 42 43 44 45 46 47 48 50 52 53 56 58 59 60 61 
3 59 5 7 9 51 56 58 60 0 1 2 4 6 8 10 11 12 13 14 15 16 17 18 19 20 21 22 23 24 25 26 27 28 29 30 31 32 33 34 35 36 37 38 39 40 41 42 43 44 45 46 47 48 49 50 52 53 54 55 57 61 62 
63 2 6 12 50 53 59 62 0 1 3 4 5 7 8 9 10 11 13 14 15 16 17 18 19 20 21 22 23 24 25 26 27 28 29 30 31 32 33 34 35 36 37 38 39 40 41 42 43 44 45 46 47 48 49 51 52 54 55 56 57 58 60 
60 52 54 26 39 57 58 61 62 63 0 1 2 3 4 5 6 7 8 9 10 11 12 13 14 15 16 17 18 19 20 21 22 23 24 25 27 28 29 30 31 32 33 34 35 36 37 38 40 41 42 43 44 45 46 47 48 49 50 51 53 55 56 
59 31 38 50 58 63 0 1 2 3 4 5 6 7 8 9 10 11 12 13 14 15 16 17 18 19 20 21 22 23 24 25 26 27 28 29 30 32 33 34 35 36 37 39 40 41 42 43 44 45 46 47 48 49 51 52 53 54 55 56 57 60 61 
60 62 7 15 17 23 45 52 53 63 0 1 2 3 4 5 6 8 9 10 11 12 13 14 16 18 19 20 21 22 24 25 26 27 28 29 30 31 32 33 34 35 36 37 38 39 40 41 42 43 44 46 47 48 49 50 51 54 55 56 57 58 59 
63 56 0 2 13 29 41 60 61 1 3 4 5 6 7 8 9 10 11 12 14 15 16 17 18 19 20 21 22 23 24 25 26 27 28 30 31 32 33 34 35 36 37 38 39 40 42 43 44 45 46 47 48 49 50 51 52 53 54 55 57 58 59 
22 53 62 0 1 2 3 4 5 6 7 8 9 10 11 12 13 14 15 16 17 18 19 20 21 23 24 25 26 27 28 29 30 31 32 33 34 35 36 37 38 39 40 41 42 43 44 45 46 47 48 49 50 51 52 54 55 56 57 58 59 60 61