1 8 9 15 52 5 10 11 16 23 26 32 41 46 54 56 57 0 2 3 4 6 7 12 13 14 17 18 19 20 21 22 24 25 27 28 29 30 31 33 34 35 36 37 38 39 40 42 43 44 45 47 48 49 50 51 53 55 58 59 60 61 62 
9 2 0 5 22 31 39 4 29 30 32 43 1 3 6 7 8 10 11 12 13 14 15 16 17 18 19 20 21 23 24 25 26 27 28 33 34 35 36 37 38 40 41 42 44 45 46 47 48 49 50 51 52 53 54 55 56 57 58 59 60 61 62 
1 3 9 12 21 33 10 14 4 6 8 17 22 30 37 40 54 61 0 2 5 7 11 13 15 16 18 19 20 23 24 25 26 27 28 29 31 32 34 35 36 38 39 41 42 43 44 45 46 47 48 49 50 51 52 53 55 56 57 58 59 60 62 
4 9 6 2 8 10 12 13 18 23 24 25 44 45 49 51 0 1 3 5 7 11 14 15 16 17 19 20 21 22 26 27 28 29 30 31 32 33 34 35 36 37 38 39 40 41 42 43 46 47 48 50 52 53 54 55 56 57 58 59 60 61 62 
5 25 3 6 46 0 1 2 7 10 13 16 23 30 32 37 50 57 58 4 8 9 11 12 14 15 17 18 19 20 21 22 24 26 27 28 29 31 33 34 35 36 38 39 40 41 42 43 44 45 47 48 49 51 52 53 54 55 56 59 60 61 62 
6 3 4 15 8 30 56 1 10 11 12 17 21 33 41 45 49 0 2 5 7 9 13 14 16 18 19 20 22 23 24 25 26 27 28 29 31 32 34 35 36 37 38 39 40 42 43 44 46 47 48 50 51 52 53 54 55 57 58 59 60 61 62 
7 13 14 23 2 5 9 10 30 31 42 45 48 49 50 53 55 58 0 1 3 4 6 8 11 12 15 16 17 18 19 20 21 22 24 25 26 27 28 29 32 33 34 35 36 37 38 39 40 41 43 44 46 47 51 52 54 56 57 59 60 61 62 
15 6 14 0 40 57 5 16 17 22 23 25 30 54 60 1 2 3 4 7 8 9 10 11 12 13 18 19 20 21 24 26 27 28 29 31 32 33 34 35 36 37 38 39 41 42 43 44 45 46 47 48 49 50 51 52 53 55 56 58 59 61 62 
16 0 60 14 1 4 10 45 53 57 63 2 3 5 6 7 8 9 11 12 13 15 17 18 19 20 21 22 23 24 25 26 27 28 29 30 31 32 33 34 35 36 37 38 39 40 41 42 43 44 46 47 48 49 50 51 52 54 55 56 58 59 61 
0 1 16 31 3 4 8 13 30 43 47 50 60 61 2 5 6 7 9 10 11 12 14 15 17 18 19 20 21 22 23 24 25 26 27 28 29 32 33 34 35 36 37 38 39 40 41 42 44 45 46 48 49 51 52 53 54 55 56 57 58 59 62 
25 1 8 17 2 5 59 3 7 11 16 21 23 37 41 0 4 6 9 10 12 13 14 15 18 19 20 22 24 26 27 28 29 30 31 32 33 34 35 36 38 39 40 42 43 44 45 46 47 48 49 50 51 52 53 54 55 56 57 58 60 61 62 
42 3 2 41 4 23 46 54 0 1 5 6 7 8 9 10 11 12 13 14 15 16 17 18 19 20 21 22 24 25 26 27 28 29 30 31 32 33 34 35 36 37 38 39 40 43 44 45 47 48 49 50 51 52 53 55 56 57 58 59 60 61 62 
4 5 43 32 37 11 14 21 31 38 45 46 48 54 0 1 2 3 6 7 8 9 10 12 13 15 16 17 18 19 20 22 23 24 25 26 27 28 29 30 33 34 35 36 39 40 41 42 44 47 49 50 51 52 53 55 56 57 58 59 60 61 62 
6 12 22 4 14 34 0 10 18 26 42 46 47 51 54 1 2 3 5 7 8 9 11 13 15 16 17 19 20 21 23 24 25 27 28 29 30 31 32 33 35 36 37 38 39 40 41 43 44 45 48 49 50 52 53 55 56 57 58 59 60 61 62 
7 6 9 15 52 60 2 12 17 31 32 37 39 40 46 54 58 61 0 1 3 4 5 8 10 11 13 14 16 18 19 20 21 22 23 24 25 26 27 28 29 30 33 34 35 36 38 41 42 43 44 45 47 48 49 50 51 53 55 56 57 59 62 
23 47 5 38 55 0 4 6 14 31 32 39 46 48 51 52 1 2 3 7 8 9 10 11 12 13 15 16 17 18 19 20 21 22 24 25 26 27 28 29 30 33 34 35 36 37 40 41 42 43 44 45 49 50 53 54 56 57 58 59 60 61 62 
8 24 17 21 33 40 60 3 7 25 29 39 49 62 0 1 2 4 5 6 9 10 11 12 13 14 15 16 18 19 20 22 23 26 27 28 30 31 32 34 35 36 37 38 41 42 43 44 45 46 47 48 50 51 52 53 54 55 56 57 58 59 61 
10 32 8 50 13 0 1 2 3 5 16 20 21 29 38 40 42 48 51 53 55 60 4 6 7 9 11 12 14 15 17 18 19 22 23 24 25 26 27 28 30 31 33 34 35 36 37 39 41 43 44 45 46 47 49 52 54 56 57 58 59 61 62 
20 34 11 26 53 21 25 29 37 44 0 1 2 3 4 5 6 7 8 9 10 12 13 14 15 16 17 18 19 22 23 24 27 28 30 31 32 33 35 36 38 39 40 41 42 43 45 46 47 48 49 50 51 52 54 55 56 57 58 59 60 61 62 
34 29 18 52 42 0 1 2 3 4 5 6 7 8 9 10 11 12 13 14 15 16 17 19 20 21 22 23 24 25 26 27 28 30 31 32 33 35 36 37 38 39 40 41 43 44 45 46 47 48 49 50 51 53 54 55 56 57 58 59 60 61 62 
29 26 43 41 10 12 18 0 1 2 3 4 5 6 7 8 9 11 13 14 15 16 17 19 20 21 22 23 24 25 27 28 30 31 32 33 34 35 36 37 38 39 40 42 44 45 46 47 48 49 50 51 52 53 54 55 56 57 58 59 60 61 62 
13 22 32 37 38 41 3 4 8 10 11 19 25 26 45 46 58 59 0 1 2 5 6 7 9 12 14 15 16 17 18 20 21 23 24 27 28 29 30 31 33 34 35 36 39 40 42 43 44 47 48 49 50 51 52 53 54 55 56 57 60 61 62 
4 12 25 42 51 13 15 21 30 3 23 29 33 41 47 49 55 59 0 1 2 5 6 7 8 9 10 11 14 16 17 18 19 20 22 24 26 27 28 31 32 34 35 36 37 38 39 40 43 44 45 46 48 50 52 53 54 56 57 58 60 61 62 
31 15 13 30 47 49 1 11 14 33 39 53 55 60 0 2 3 4 5 6 7 8 9 10 12 16 17 18 19 20 21 22 23 24 25 26 27 28 29 32 34 35 36 37 38 40 41 42 43 44 45 46 48 50 51 52 54 56 57 58 59 61 62 
16 32 8 30 49 2 7 14 25 45 48 0 1 3 4 5 6 9 10 11 12 13 15 17 18 19 20 21 22 23 24 26 27 28 29 31 33 34 35 36 37 38 39 40 41 42 43 44 46 47 50 51 52 53 54 55 56 57 58 59 60 61 62 
24 41 1 32 0 3 10 12 13 14 40 43 50 54 62 2 4 5 6 7 8 9 11 15 16 17 18 19 20 21 22 23 25 26 27 28 29 30 31 33 34 35 36 37 38 39 42 44 45 46 47 48 49 51 52 53 55 56 57 58 59 60 61 
20 33 43 17 29 13 37 38 61 0 1 2 3 4 5 6 7 8 9 10 11 12 14 15 16 18 19 21 22 23 24 25 26 27 28 30 31 32 34 35 36 39 40 41 42 44 45 46 47 48 49 50 51 52 53 54 55 56 57 58 59 60 62 
19 0 1 2 3 4 5 6 7 8 9 10 11 12 13 14 15 16 17 18 20 21 22 23 24 25 26 27 28 29 30 31 32 33 34 35 36 37 38 39 40 41 42 43 44 45 46 47 48 49 50 51 52 53 54 55 56 57 58 59 60 61 62 
0 1 2 3 4 5 6 7 8 9 10 11 12 13 14 15 16 17 18 19 20 21 22 23 24 25 26 27 28 29 30 31 32 33 34 35 36 37 38 39 40 41 42 43 44 45 46 47 48 49 50 51 52 53 54 55 56 57 58 59 60 61 62 
17 34 37 21 22 50 52 8 19 26 32 43 53 0 1 2 3 4 5 6 7 9 10 11 12 13 14 15 16 18 20 23 24 25 27 28 29 30 31 33 35 36 38 39 40 41 42 44 45 46 47 48 49 51 54 55 56 57 58 59 60 61 62 
31 21 42 14 15 23 38 39 46 0 3 9 12 22 24 47 50 53 61 1 2 4 5 6 7 8 10 11 13 16 17 18 19 20 25 26 27 28 29 30 32 33 34 35 36 37 40 41 43 44 45 48 49 51 52 54 55 56 57 58 59 60 62 
39 22 63 4 15 23 1 7 9 13 24 47 49 59 61 0 2 3 5 6 8 10 11 12 14 16 17 18 19 20 21 25 26 27 28 29 30 31 32 33 34 35 36 37 38 40 41 42 43 44 45 46 48 50 51 52 53 54 55 56 57 58 60 
40 48 10 1 14 24 29 33 41 49 50 55 56 0 2 3 4 5 6 7 8 9 11 12 13 15 16 17 18 19 20 21 22 23 25 26 27 28 30 31 32 34 35 36 37 38 39 42 43 44 45 46 47 51 52 53 54 57 58 59 60 61 62 
32 18 16 40 42 12 23 25 51 2 3 24 37 46 58 0 1 4 5 6 7 8 9 10 11 13 14 15 17 19 20 21 22 26 27 28 29 30 31 33 34 35 36 38 39 41 43 44 45 47 48 49 50 52 53 54 55 56 57 59 60 61 62 
44 37 45 13 42 47 50 0 1 2 3 4 5 6 7 8 9 10 11 12 14 15 16 17 18 19 20 21 22 23 24 25 26 27 28 29 30 31 32 33 34 35 36 38 39 40 41 43 46 48 49 51 52 53 54 55 56 57 58 59 60 61 62 
0 1 2 3 4 5 6 7 8 9 10 11 12 13 14 15 16 17 18 19 20 21 22 23 24 25 26 27 28 29 30 31 32 33 34 35 36 37 38 39 40 41 42 43 44 45 46 47 48 49 50 51 52 53 54 55 56 57 58 59 60 61 62 
0 1 2 3 4 5 6 7 8 9 10 11 12 13 14 15 16 17 18 19 20 21 22 23 24 25 26 27 28 29 30 31 32 33 34 35 36 37 38 39 40 41 42 43 44 45 46 47 48 49 50 51 52 53 54 55 56 57 58 59 60 61 62 
25 12 26 38 45 2 29 43 44 46 1 13 30 42 0 3 4 5 6 7 8 9 10 11 14 15 16 17 18 19 20 21 22 23 24 27 28 31 32 33 34 35 36 37 39 40 41 47 48 49 50 51 52 53 54 55 56 57 58 59 60 61 62 
39 53 45 43 13 17 23 0 7 9 22 24 30 46 47 52 58 1 2 3 4 5 6 8 10 11 12 14 15 16 18 19 20 21 25 26 27 28 29 31 32 33 34 35 36 37 38 40 41 42 44 48 49 50 51 54 55 56 57 59 60 61 62 
55 31 47 22 5 12 23 51 52 53 58 59 0 1 2 3 4 6 7 8 9 10 11 13 14 15 16 17 18 19 20 21 24 25 26 27 28 29 30 32 33 34 35 36 37 38 39 40 41 42 43 44 45 46 48 49 50 54 56 57 60 61 62 
48 25 9 32 41 4 8 16 23 33 50 0 1 2 3 5 6 7 10 11 12 13 14 15 17 18 19 20 21 22 24 26 27 28 29 30 31 34 35 36 37 38 39 40 42 43 44 45 46 47 49 51 52 53 54 55 56 57 58 59 60 61 62 
52 40 48 4 19 20 21 33 2 13 16 22 29 38 42 50 54 55 0 1 3 5 6 7 8 9 10 11 12 14 15 17 18 23 24 25 26 27 28 30 31 32 34 35 36 37 39 41 43 44 45 46 47 49 51 53 56 57 58 59 60 61 62 
43 44 26 11 41 51 8 25 47 0 1 2 3 4 5 6 7 9 10 12 13 14 15 16 17 18 19 20 21 22 23 24 27 28 29 30 31 32 33 34 35 36 37 38 39 40 42 45 46 48 49 50 52 53 54 55 56 57 58 59 60 61 62 
18 30 44 20 26 50 0 1 2 3 4 5 6 7 8 9 10 11 12 13 14 15 16 17 19 21 22 23 24 25 27 28 29 31 32 33 34 35 36 37 38 39 40 41 42 43 45 46 47 48 49 51 52 53 54 55 56 57 58 59 60 61 62 
11 29 21 34 10 23 45 0 1 2 3 4 5 6 7 8 9 12 13 14 15 16 17 18 19 20 22 24 25 26 27 28 30 31 32 33 35 36 37 38 39 40 41 42 43 44 46 47 48 49 50 51 52 53 54 55 56 57 58 59 60 61 62 
43 29 38 26 20 46 3 10 14 37 56 58 0 1 2 4 5 6 7 8 9 11 12 13 15 16 17 18 19 21 22 23 24 25 27 28 30 31 32 33 34 35 36 39 40 41 42 44 45 47 48 49 50 51 52 53 54 55 57 59 60 61 62 
55 8 54 59 33 56 62 7 13 15 16 17 20 22 26 34 47 52 53 60 0 1 2 3 4 5 6 9 10 11 12 14 18 19 21 23 24 25 27 28 29 30 31 32 35 36 37 38 39 40 41 42 43 44 45 46 48 49 50 51 57 58 61 
55 39 54 10 13 61 14 15 23 43 48 49 51 53 60 0 1 2 3 4 5 6 7 8 9 11 12 16 17 18 19 20 21 22 24 25 26 27 28 29 30 31 32 33 34 35 36 37 38 40 41 42 44 45 46 47 50 52 56 57 58 59 62 
3 10 49 41 55 58 60 1 8 9 16 21 29 39 40 46 52 54 56 57 0 2 4 5 6 7 11 12 13 14 15 17 18 19 20 22 23 24 25 26 27 28 30 31 32 33 34 35 36 37 38 42 43 44 45 47 48 50 51 53 59 61 62 
56 24 6 46 53 55 9 22 23 30 39 48 52 54 58 0 1 2 3 4 5 7 8 10 11 12 13 14 15 16 17 18 19 20 21 25 26 27 28 29 31 32 33 34 35 36 37 38 40 41 42 43 44 45 47 49 50 51 57 59 60 61 62 
59 58 57 51 24 39 44 5 10 11 13 14 21 23 25 45 48 52 53 56 60 0 1 2 3 4 6 7 8 9 12 15 16 17 18 19 20 22 26 27 28 29 30 31 32 33 34 35 36 37 38 40 41 42 43 46 47 49 50 54 55 61 62 
58 59 20 30 41 49 5 33 39 53 3 10 16 21 22 38 42 45 60 0 1 2 4 6 7 8 9 11 12 13 14 15 17 18 19 23 24 25 26 27 28 29 31 32 34 35 36 37 40 43 44 46 47 48 50 51 52 54 55 56 57 61 62 
53 60 61 3 17 25 40 51 0 24 31 32 37 45 46 47 56 59 1 2 4 5 6 7 8 9 10 11 12 13 14 15 16 18 19 20 21 22 23 26 27 28 29 30 33 34 35 36 38 39 41 42 43 44 48 49 50 52 54 55 57 58 62 
10 13 30 61 1 7 14 16 24 25 38 41 45 48 54 57 58 60 62 0 2 3 4 5 6 8 9 11 12 15 17 18 19 20 21 22 23 26 27 28 29 31 32 33 34 35 36 37 39 40 42 43 44 46 47 49 50 51 52 53 55 56 59 
55 57 62 14 30 47 56 1 7 12 15 51 53 61 0 2 3 4 5 6 8 9 10 11 13 16 17 18 19 20 21 22 23 24 25 26 27 28 29 31 32 33 34 35 36 37 38 39 40 41 42 43 44 45 46 48 49 50 52 54 58 59 60 
56 14 39 57 10 22 24 40 41 45 47 54 60 0 1 2 3 4 5 6 7 8 9 11 12 13 15 16 17 18 19 20 21 23 25 26 27 28 29 30 31 32 33 34 35 36 37 38 42 43 44 46 48 49 50 51 52 53 55 58 59 61 62 
40 57 1 6 48 49 55 63 5 9 11 46 51 54 60 0 2 3 4 7 8 10 12 13 14 15 16 17 18 19 20 21 22 23 24 25 26 27 28 29 30 31 32 33 34 35 36 37 38 39 41 42 43 44 45 47 50 52 53 56 58 59 61 
3 49 56 59 5 6 7 9 14 24 38 47 50 51 58 60 0 1 2 4 8 10 11 12 13 15 16 17 18 19 20 21 22 23 25 26 27 28 29 30 31 32 33 34 35 36 37 39 40 41 42 43 44 45 46 48 52 53 54 55 57 61 62 
57 0 62 63 9 2 3 6 12 32 41 46 50 53 59 1 4 5 7 8 10 11 13 14 15 16 17 18 19 20 21 22 23 24 25 26 27 28 29 30 31 33 34 35 36 37 38 39 40 42 43 44 45 47 48 49 51 52 54 55 56 58 60 
60 52 54 57 58 61 62 63 7 26 39 40 0 1 2 3 4 5 6 8 9 10 11 12 13 14 15 16 17 18 19 20 21 22 23 24 25 27 28 29 30 31 32 33 34 35 36 37 38 41 42 43 44 45 46 47 48 49 50 51 53 55 56 
59 38 58 31 50 51 53 54 63 0 1 2 3 4 5 6 7 8 9 10 11 12 13 14 15 16 17 18 19 20 21 22 23 24 25 26 27 28 29 30 32 33 34 35 36 37 39 40 41 42 43 44 45 46 47 48 49 52 55 56 57 60 61 
60 62 7 17 23 33 8 15 20 31 45 50 52 53 63 0 1 2 3 4 5 6 9 10 11 12 13 14 16 18 19 21 22 24 25 26 27 28 29 30 32 34 35 36 37 38 39 40 41 42 43 44 46 47 48 49 51 54 55 56 57 58 59 
63 61 56 53 0 1 2 13 14 17 24 29 33 41 52 55 58 60 3 4 5 6 7 8 9 10 11 12 15 16 18 19 20 21 22 23 25 26 27 28 30 31 32 34 35 36 37 38 39 40 42 43 44 45 46 47 48 49 50 51 54 57 59 
62 54 15 3 22 38 47 61 0 24 31 53 1 2 4 5 6 7 8 9 10 11 12 13 14 16 17 18 19 20 21 23 25 26 27 28 29 30 32 33 34 35 36 37 39 40 41 42 43 44 45 46 48 49 50 51 52 55 56 57 58 59 60 
